1 1680
2 1880
3 1780
4 1980
5 1980
6 1880
7 1380
8 1880
9 1880
10 1780
11 1680
12 1580
13 1680
14 1980
15 2080
16 1980
17 1980
18 1980
19 1880
21 1680
22 1580
23 1980
24 2180
25 1480
26 1680
27 1580
28 1680
29 1680
30 1980
31 1880
32 1880
33 1780
34 1880
35 1480
36 1580
37 1280
38 1880
39 1280
40 2180
41 2280
42 2180
43 2460
44 1880
45 1380
46 1980
48 2080
49 2280
50 1680
51 1880
52 1480
53 1780
54 1680
55 1380
56 1480
57 1980
58 1880
59 1480
60 1680
61 1580
62 1780
63 1680
64 1880
65 2180
66 2080
67 1480
68 2080
69 2180
70 1780
71 1980
72 2080
73 2080
74 2080
75 1580
76 2280
77 1980
78 1780
79 1980
80 1980
81 1980
82 1780
83 1980
84 1980
85 1880
86 1080
87 2280
88 1880
89 1680
90 1780
91 1880
92 1780
93 1680
94 1780
95 2460
96 2180
97 2080
98 1680
99 1780
100 2280
101 1780
102 1880
103 1880
104 2080
105 2180
106 1580
107 1680
108 1880
109 1980
110 2080
111 2460
112 1780
113 1880
114 2080
115 1180
116 1980
117 2080
118 1980
119 2180
120 1680
121 1880
122 1980
123 1980
124 1980
125 1880
126 1580
127 1980
128 1380
129 1680
130 2260
131 1680
132 1980
133 1780
134 1080
135 2460
136 1680
137 1780
138 1880
139 1780
140 2080
141 2180
142 2080
143 2180
144 1780
145 2080
146 2280
147 2080
148 1680
149 2180
150 1680
151 1980
152 1980
153 2080
154 1880
155 2080
156 1980
157 1680
158 2080
159 2280
160 1880
161 1780
162 2080
163 1980
164 1880
165 2080
166 2180
167 1280
168 1880
169 1880
170 2080
171 1980
172 1880
173 2180
174 1780
175 1580
176 1780
177 1880
178 1780
179 1780
180 1780
181 1780
182 1980
183 1980
184 2280
185 1780
186 1980
187 2080
188 1980
189 2280
190 1980
191 1980
192 2280
194 1880
195 2080
196 2280
197 1980
198 1880
199 1880
200 1980
201 2180
202 2080
203 1880
204 2460
205 1880
206 1780
207 1980
208 2180
209 2280
210 2180
211 1880
212 2280
213 2080
214 2080
215 1880
216 2180
217 2080
218 1980
219 2640
220 1780
221 1680
222 1880
223 1780
224 2460
225 2180
226 2460
227 1980
228 1880
229 2640
230 2080
231 2180
232 2080
233 2080
234 1880
235 2280
236 1880
237 2280
238 1980
239 2280
240 1880
241 2080
242 1880
243 2460
244 1880
245 1780
246 2080
247 1880
248 1980
249 1680
250 2180
251 1880
252 2460
253 2460
254 1980
255 1780
256 1980
257 1980
258 1880
259 2260
260 1980
261 2820
262 2280
263 2080
264 1980
265 2180
266 1780
267 1980
268 2180
269 1480
270 1880
271 1680
272 2280
273 2280
274 1980
275 1880
276 1980
277 2280
278 1780
279 2340
280 2080
281 1880
282 1980
283 2080
284 2180
285 1980
286 2080
287 2180
288 2080
289 2080
290 2460
291 2180
292 1880
293 1980
294 2080
295 1980
296 1980
297 2180
298 2180
299 2080
300 1980
301 2460
302 1880
303 2180
304 2160
305 2160
306 2280
307 2180
308 1880
309 2080
310 1780
311 2460
312 1980
313 2460
314 2080
315 2440
316 1780
320 1980
321 2640
322 1880
323 2280
324 1880
325 2280
326 1980
327 1780
328 2080
329 2820
330 2460
331 1880
332 2280
333 2080
334 2180
335 2180
336 2080
337 2180
338 1980
339 1980
340 1980
341 2180
342 2080
343 1980
344 2180
345 2280
346 1880
347 1980
348 1780
349 2080
350 2820
351 2460
352 2280
353 2280
354 2180
355 2280
356 2080
357 1980
358 2180
359 3000
360 2180
361 1980
362 1880
363 2180
364 1980
365 1980
366 3000
367 2440
369 2160
370 2080
371 1880
372 2180
373 2080
374 2280
375 2640
376 2280
377 2640
378 1980
379 2640
380 1880
381 2640
382 2280
388 2280
389 2180
390 2180
391 2280
392 2640
393 2640
394 2820
395 2640
399 2080
400 2180
401 2540
402 2180
403 2460
404 1980
405 2280
406 2640
407 2280
408 2640
409 2180
410 2360
411 2280
412 2820
413 2180
414 1980
415 2460
416 2180
417 1780
418 1780
419 2080
420 2460
421 2180
422 2080
423 2080
424 2360
425 2460
426 2080
427 1680
428 1880
429 1880
430 1980
431 2460
432 2460
433 2280
434 2080
435 2620
436 1980
437 2080
438 2640
439 2460
440 1780
441 2640
442 2280
443 2280
444 1980
445 1980
446 2460
447 1980
448 1880
449 2280
450 1880
451 2280
452 2460
453 1780
454 2180
455 1880
456 2080
457 2260
458 2080
459 1780
460 2460
461 1880
462 2080
463 2700
464 1880
465 2460
466 2460
467 2540
468 2280
469 1980
470 2280
471 2280
472 2080
473 2180
474 2540
475 2280
476 1880
477 2180
478 2280
479 2080
480 2280
481 2080
482 2280
483 2180
484 2080
485 2080
486 2640
487 2640
488 2640
489 2080
490 2180
491 2360
492 1880
493 2180
494 1880
495 1980
496 2340
497 2180
498 2280
499 1980
500 2640
501 2460
502 2080
503 2180
504 2180
505 1980
506 1880
507 1880
508 2280
509 1980
510 1980
511 2280
512 2680
513 2280
514 1880
515 2640
516 2460
517 2180
518 1980
524 1780
525 2280
526 2280
527 1880
528 2640
529 2180
531 2080
535 1880
536 2260
537 1980
538 2280
539 2820
540 2640
541 2460
542 2180
543 2080
544 2340
545 2280
546 2180
547 2280
548 2360
552 2820
553 2640
554 2280
555 2280
556 2080
557 2280
560 2080
561 2080
563 2640
565 2280
566 1680
567 2640
569 2180
570 2280
571 2080
574 2280
575 2280
576 2640
577 2460
578 2180
579 1880
580 2180
581 3000
582 1980
583 2460
584 2460
585 2180
586 2460
587 2460
588 2080
589 2180
590 2820
591 2080
592 2820
594 1980
595 2640
596 3180
597 2720
598 2800
599 2260
600 2360
601 2460
602 1980
603 2080
604 2280
605 2280
606 2820
607 2180
608 2460
609 2820
610 2640
611 2460
612 2280
613 2180
614 2180
615 3180
616 2440
617 3080
618 2460
619 2080
620 2280
621 2720
622 3000
623 2820
626 2520
627 2280
628 2640
629 2820
630 2640
631 1980
632 2700
633 2340
634 2280
635 2460
636 2080
637 2080
638 2180
639 2180
640 2280
641 2280
642 2360
643 2460
644 2520
645 2520
646 2640
647 2820
648 3000
649 2280
650 2880
651 2460
652 2180
653 2460
654 2640
655 2820
656 2280
657 2820
658 2460
659 2460
663 2820
664 2280
665 2520
666 3360
667 2520
668 2620
669 2080
670 2280
671 2640
672 2280
673 2280
674 2180
675 2280
676 1780
677 2080
678 1780
684 1780
685 2360
686 2280
687 2180
688 2180
689 2080
701 1880
702 2180
710 2260
711 2640
712 2640
713 1980
716 2080
719 1780
720 1980
721 1880
722 2280
723 2260
724 2080
725 2360
726 2180
727 2540
728 2080
729 1980
730 1680
746 2440
747 2080
748 2080
749 2080
750 2080
751 2180
752 2080
753 1980
754 2440
755 2620
756 2280
757 2460
758 2820
769 2080
773 2640
774 2360
775 2080
776 2080
777 2180
782 1880
785 2460
787 1880
790 2280
791 2620
792 2620
793 2820
794 2460
795 2280
801 2260
802 2460
803 2700
804 3000
805 2640
806 3180
807 2280
810 2720
811 2180
812 2080
819 2080
820 2280
821 1880
822 2880
823 3080
824 2540
825 2280
826 2640
838 2280
839 2460
840 2340
849 2520
850 2080
860 2640
862 1880
863 3000
865 2180
866 2640
867 2280
868 2820
869 2180
870 2440
871 2460
872 2460
875 2280
876 2280
877 2640
878 2160
879 3060
880 2280
881 2280
882 2440
896 1980
897 3180
901 2640
903 3080
904 2820
913 2820
914 2460
917 2280
918 2440
919 2280
920 2080
921 2280
925 2620
926 2340
927 2160
928 2280
929 2280
930 2620
931 2540
932 2080
933 1980
934 2520
935 2280
936 2720
937 1980
938 2280
939 3180
940 2280
955 2640
956 2640
957 3000
958 2080
959 3000
960 2280
961 3000
962 2180
963 3180
964 2640
965 2460
966 2460
967 2460
968 2640
969 2460
970 2280
971 2280
972 2640
973 2640
974 2900
976 2460
977 2460
983 2460
984 2180
985 2180
987 2080
989 2180
990 2820
991 2360
992 2460
993 2280
994 2280
995 2640
996 2720
997 2080
998 2460
999 2280
1000 2080
1001 2820
1002 2280
1003 2440
1004 2460
1005 2280
1006 2180
1007 2900
1008 2280
1009 2820
1010 2280
1011 2280
1012 2460
1013 2280
1014 2640
1015 2460
1016 2640
1017 2080
1018 2080
1019 1980
1020 2820
1021 2460
1022 2460
1023 2180
1024 2280
1025 2280
1026 1980
1027 2460
1028 2180
1029 1980
1030 1880
1031 3000
1032 2080
1033 2280
1034 2280
1035 2280
1036 2180
1037 2280
1038 3360
1039 2460
1040 2640
1042 2340
1043 2180
1044 2880
1045 1680
1046 2080
1047 2080
1048 2460
1049 2080
1050 2540
1051 2080
1052 1980
1054 2180
1055 2080
1056 2820
1057 2280
1058 3000
1059 2820
1060 2640
1061 2180
1064 3000
1065 2460
1068 2080
1069 2280
1070 2820
1072 2180
1073 2280
1074 2820
1076 1980
1077 2280
1078 2180
1079 1980
1080 3000
1081 2080
1082 2640
1083 1880
1084 2180
1085 1980
1086 2880
1087 2640
1088 3000
1089 3260
1090 2820
1091 2460
1092 2080
1093 2280
1094 3000
1095 3180
1096 2620
1097 2820
1098 2280
1101 2640
1102 2820
1103 3600
1105 2640
1106 2640
1107 2180
1110 3360
1112 2820
1113 2820
1115 2460
1116 2080
1117 2460
1118 3360
1119 2360
1121 3180
1122 2800
1123 2900
1124 2280
1125 2280
1126 2640
1127 2820
1129 2640
1130 2280
1131 2180
1132 3180
1133 2180
1134 2180
1135 3180
1137 2640
1138 3180
1140 3000
1141 3080
1142 2700
1143 2440
1144 2800
1146 2540
1147 2820
1148 2640
1149 2460
1150 3000
1151 3000
1152 3000
1153 2640
1159 2820
1160 2820
1161 3180
1165 2820
1166 2180
1167 3000
1168 3000
1169 2280
1170 2440
1171 2440
1172 2260
1173 2340
1175 3000
1177 2280
1178 2820
1179 2640
1182 3060
1190 2640
1196 3000
1200 2640
1202 2700
1203 2440
1211 2820
1216 2340
1217 2460
1218 2360
1220 3000
1224 2820
1225 2820
1226 2280
1227 2820
1228 3180
1229 3180
1232 2900
1233 2460
1234 3000
1235 2280
1236 2820
1237 2280
1238 3180
1240 2980
1243 2900
1245 2460
1248 2820
1251 2460
1252 2080
1253 2820
1258 3180
1259 2720
1260 2080
1261 2440
1262 2280
1263 2640
1264 1980
1265 2280
1266 2460
1267 2180
1276 2720
1277 2460
1278 2280
1286 1980
1290 2180
1302 2640
1303 2820
1304 2460
1305 3000
1306 2280
1307 2460
1308 2820
1309 2820
1310 3000
1311 2180
1316 2820
1318 3000
1321 2360
1322 3180
1324 2820
1326 2640
1327 2520
1328 2640
1329 2280
1330 2640
1332 2280
1333 3260
1334 2460
1335 3000
1336 2640
1337 2460
1338 2460
1339 3360
1340 2460
1341 2460
1342 2820
1343 2260
1347 3180
1348 2460
1351 3000
1352 3180
1353 2460
1354 2640
1355 1880
1356 2820
1359 3000
1360 2360
1361 3000
1362 2460
1363 2640
1364 3180
1365 2280
1366 2180
1367 3000
1370 2640
1372 2640
1373 2460
1374 3180
1377 2640
1378 2720
1379 3600
1380 2440
1381 3180
1382 2820
1386 3000
1387 2460
1388 2180
1391 3000
1392 2180
1393 2720
1394 2900
1395 2340
1398 2820
1399 3300
1400 2900
1402 3360
1404 3000
1405 2820
1406 2700
1407 2640
1408 2180
1409 2820
1411 2540
1412 2640
1414 3600
1415 2820
1416 3080
1417 2820
1419 2640
1420 2820
1421 2820
1423 2820
1424 2620
1425 3080
1426 2640
1427 3260
1428 2640
1430 3180
1431 2700
1432 2640
1433 2640
1434 3260
1435 2180
1436 2820
1437 3600
1438 2820
1439 3260
1440 2820
1441 3360
1442 3000
1443 3000
1444 2980
1445 2340
1446 3180
1452 2640
1453 2820
1454 2620
1455 2820
1456 2820
1457 2440
1458 3840
1459 3180
1460 2440
1461 2640
1463 2880
1464 2280
1465 2460
1466 2820
1467 3000
1468 2280
1469 2700
1470 3180
1471 2080
1472 2460
1473 2640
1474 2640
1478 2460
1479 2640
1480 2460
1481 3180
1484 3300
1485 2640
1486 3000
1487 2640
1492 2640
1493 2820
1494 2280
1495 2460
1496 2720
1497 2540
1498 2460
1499 3180
1500 2720
1501 2460
1502 3180
1503 2460
1504 2460
1505 3600
1506 2180
1507 2180
1508 2640
1509 2460
1511 2820
1512 2280
1513 2280
1514 2640
1515 2080
1516 3180
1517 2280
1520 2640
1521 2280
1522 2460
1523 3360
1531 2180
1538 3080
1547 2460
1562 2460
1563 2640
1564 2340
1578 2820
1579 2440
1586 2820


20 3400
47 2800
193 2800
317 2980
318 2980
319 2620
368 2980
383 2980
384 3640
385 3160
386 3400
387 3160
396 3160
397 2440
398 3400
519 2620
520 2800
521 2980
522 3280
523 3880
530 3880
532 3400
533 3400
534 3160
549 2980
550 4360
551 3640
558 4120
559 3400
562 3880
564 2800
568 3160
572 3650
573 4120
593 2820
624 3640
625 4360
660 3640
661 3520
662 3880
679 3640
683 3460
690 3880
691 3640
692 4420
693 3880
694 3640
695 3400
696 3760
697 3880
698 3400
699 3220
700 4600
705 3520
706 4600
707 4120
714 3160
715 2860
717 3880
718 3040
731 2620
732 2800
733 3880
734 4360
735 4120
736 3520
737 3220
738 2980
739 3160
740 3880
741 3640
742 3880
759 3640
760 3820
762 2800
763 2980
764 3760
765 2980
766 3340
767 3340
768 4120
770 3280
771 3700
772 3880
779 3160
780 4120
781 3160
783 3940
784 3700
788 4360
789 3640
796 4120
797 4360
798 4840
808 4600
809 3940
813 3460
814 3400
827 3520
828 4120
829 3820
830 3940
837 3880
841 4120
842 3340
848 4840
851 3880
852 3880
853 3880
854 4120
855 3880
856 3640
858 3880
859 3880
861 3280
873 3640
883 4720
887 4360
888 4840
889 4600
890 4840
891 4360
895 4240
899 4600
900 3640
908 3880
909 4420
910 4720
911 4600
912 5320
916 3820
923 3820
924 4120
941 3640
942 4600
943 3340
944 4480
945 4000
946 2860
947 2980
948 4480
949 3400
950 3880
951 4360
975 4180
978 4360
980 4600
981 4600
982 4840
986 3640
988 3940
1041 3880
1053 4360
1062 3400
1063 2980
1066 3160
1067 4600
1071 3640
1075 3400
1099 3640
1104 3880
1108 4360
1111 4360
1114 4120
1120 4600
1128 4120
1136 4600
1145 3640
1154 4840
1156 4120
1157 3880
1158 4300
1162 4120
1163 4360
1164 5080
1174 3940
1176 4180
1180 3880
1183 4420
1185 4360
1186 4120
1188 4360
1189 4540
1191 3760
1192 4120
1193 5700
1194 4360
1195 5080
1198 4600
1199 5320
1204 4480
1212 3040
1222 4120
1231 5080
1239 4360
1241 3880
1246 4480
1250 5320
1255 4360
1268 3700
1274 4840
1275 4060
1279 4600
1280 4600
1281 5080
1282 4120
1288 3400
1289 4600
1291 4600
1312 5340
1317 4600
1320 4600
1323 3880
1325 4600
1331 4840
1350 4360
1358 3640
1368 3580
1371 4720
1376 4120
1384 4180
1385 4360
1389 3640
1396 4360
1397 4240
1410 4600
1413 4600
1422 4600
1447 4360
1451 4360
1462 3880
1475 4600
1482 4360
1483 4720
1488 5340
1489 4120
1490 4840
1491 3640
1544 4360


680 -200
681 2280
682 2669
703 2780
704 3540
708 3440
709 3160
743 1060
744 2040
745 1680
761 420
778 1800
786 2040
799 4300
800 4680
815 4060
816 2540
817 2540
818 5820
831 4300
832 1280
833 1800
834 2920
835 3540
836 3160
843 3820
844 2940
845 3300
846 2280
847 2040
857 3160
864 2040
874 2540
884 2280
885 3540
886 4300
892 2280
893 3160
894 2780
898 2660
902 2780
905 3160
906 5060
907 3540
915 4300
922 3920
952 3820
953 3160
954 4300
979 4680
1100 2660
1109 3300
1139 4300
1155 3160
1181 2800
1184 3460
1187 3540
1197 3540
1201 5060
1205 4300
1206 3540
1207 4300
1208 5060
1209 4680
1210 2660
1213 3920
1214 3160
1215 3160
1219 6200
1221 4680
1223 2920
1230 4560
1242 4820
1244 5060
1247 3920
1249 3540
1254 3920
1256 3920
1257 4300
1269 4440
1270 2780
1271 5440
1272 2660
1273 4300
1283 5060
1284 4300
1285 4680
1287 3420
1292 2660
1293 3320
1294 3300
1295 4300
1296 3920
1297 3920
1298 2920
1299 4560
1300 4180
1301 3540
1313 3920
1314 3180
1315 1180
1319 3920
1344 3800
1345 3420
1346 4300
1349 2040
1357 3420
1369 3540
1375 5820
1383 3940
1390 4680
1401 5480
1403 3440
1418 3540
1429 6720
1448 5340
1449 4460
1450 4820
1476 2660
1477 5100
1510 3540
1518 3160
1519 4680
1524 3820
1530 3420
1537 3920
1539 5060
1540 4840
1541 3420
1542 4680
1545 4300
1548 4680
1549 3920
1550 4060
1565 4340
1569 5440
1570 6200
1571 4700
1572 5100
1573 3920
1574 3160
1575 4680
1581 4680
1582 3180
1583 3940
1585 4680


1526 3360
1561 2040
1568 3600
1584 2120


1543 5900
1580 1740


1525 3320
1527 2080
1528 3180
1529 2680
1532 2680
1533 2180
1534 2040
1535 780
1536 3940
1546 1300
1551 800
1552 3480
1553 4300
1554 2060
1555 3060
1556 5180
1557 2040
1558 5320
1559 3820
1560 4320
1566 2700
1567 4440
1576 1560
1577 3200


5 1810
15 1850
26 1770
36 1750
47 1928
57 1670
67 1940
77 1950
87 1820
97 1958
107 1958
117 1890
127 1838
137 1878
147 1990
157 1980
167 1910
177 1830
187 2060
198 2010
208 2098
218 1996
228 2202
238 2088
248 2026
258 2102
268 1970
278 2026
288 2108
298 2098
308 2142
320 2122
331 2182
341 2070
351 2222
361 2234
372 2266
385 2298
399 2380
410 2382
420 2144
430 2140
440 2210
450 2106
460 2166
470 2290
480 2140
490 2246
500 2230
510 2176
524 2174
539 2292
551 2348
566 2222
579 2352
589 2370
600 2440
610 2520
620 2568
632 2402
642 2424
652 2582
664 2540
676 2144
699 2230
722 2142
743 2076
762 2376
786 2328
804 2570
823 2402
856 2402
873 2478
897 2598
923 2304
934 2418
957 2628
968 2496
983 2408
996 2410
1006 2420
1016 2390
1026 2268
1036 2418
1047 2204
1058 2546
1073 2288
1084 2554
1094 2618
1108 2742
1122 2708
1133 2664
1146 2748
1162 2774
1176 2592
1210 2658
1230 2774
1246 2716
1264 2378
1295 2456
1316 2764
1332 2618
1344 2764
1358 2644
1372 2734
1387 2688
1402 2806
1415 2860
1427 2822
1438 3012
1452 2850
1464 2668
1476 2704
1492 2620
1503 2706
1514 2494
1550 2624


273 3034
456 3112
545 3622
610 3559
691 3760
707 3640
735 3454
758 3418
777 3742
807 4000
843 3970
870 4072
902 4462
937 3766
968 4234
1058 3700
1127 4264
1170 4252
1192 4596
1236 4282
1285 4524
1343 4294
1409 4330


709 2244
802 3250
839 2708
882 2874
929 3872
1165 3612
1212 4136
1247 4140
1281 3862
1300 3774
1350 3538
1434 4624
1530 4054
1561 4666






1532 2418
1555 3438
