1 1680
2 1880
3 1780
4 1980
5 1980
6 1880
7 1380
8 1880
9 1880
10 1780
11 1680
12 1580
13 1680
14 1980
15 2080
16 1980
17 1980
18 1980
19 1880
21 1680
22 1580
23 1980
24 2180
25 1480
26 1680
27 1580
28 1680
29 1680
30 1980
31 1880
32 1880
33 1780
34 1880
35 1480
36 1580
37 1280
38 1880
39 1280
40 2180
41 2280
42 2180
43 2460
44 1880
45 1380
46 1980
48 2080
49 2280
50 1680
51 1880
52 1480
53 1780
54 1680
55 1380
56 1480
57 1980
58 1880
59 1480
60 1680
61 1580
62 1780
63 1680
64 1880
65 2180
66 2080
67 1480
68 2080
69 2180
70 1780
71 1980
72 2080
73 2080
74 2080
75 1580
76 2280
77 1980
78 1780
79 1980
80 1980
81 1980
82 1780
83 1980
84 1980
85 1880
86 1080
87 2280
88 1880
89 1680
90 1780
91 1880
92 1780
93 1680
94 1780
95 2460
96 2180
97 2080
98 1680
99 1780
100 2280
101 1780
102 1880
103 1880
104 2080
105 2180
106 1580
107 1680
108 1880
109 1980
110 2080
111 2460
112 1780
113 1880
114 2080
115 1180
116 1980
117 2080
118 1980
119 2180
120 1680
121 1880
122 1980
123 1980
124 1980
125 1880
126 1580
127 1980
128 1380
129 1680
130 2260
131 1680
132 1980
133 1780
134 1080
135 2460
136 1680
137 1780
138 1880
139 1780
140 2080
141 2180
142 2080
143 2180
144 1780
145 2080
146 2280
147 2080
148 1680
149 2180
150 1680
151 1980
152 1980
153 2080
154 1880
155 2080
156 1980
157 1680
158 2080
159 2280
160 1880
161 1780
162 2080
163 1980
164 1880
165 2080
166 2180
167 1280
168 1880
169 1880
170 2080
171 1980
172 1880
173 2180
174 1780
175 1580
176 1780
177 1880
178 1780
179 1780
180 1780
181 1780
182 1980
183 1980
184 2280
185 1780
186 1980
187 2080
188 1980
189 2280
190 1980
191 1980
192 2280
194 1880
195 2080
196 2280
197 1980
198 1880
199 1880
200 1980
201 2180
202 2080
203 1880
204 2460
205 1880
206 1780
207 1980
208 2180
209 2280
210 2180
211 1880
212 2280
213 2080
214 2080
215 1880
216 2180
217 2080
218 1980
219 2640
220 1780
221 1680
222 1880
223 1780
224 2460
225 2180
226 2460
227 1980
228 1880
229 2640
230 2080
231 2180
232 2080
233 2080
234 1880
235 2280
236 1880
237 2280
238 1980
239 2280
240 1880
241 2080
242 1880
243 2460
244 1880
245 1780
246 2080
247 1880
248 1980
249 1680
250 2180
251 1880
252 2460
253 2460
254 1980
255 1780
256 1980
257 1980
258 1880
259 2260
260 1980
261 2820
262 2280
263 2080
264 1980
265 2180
266 1780
267 1980
268 2180
269 1480
270 1880
271 1680
272 2280
273 2280
274 1980
275 1880
276 1980
277 2280
278 1780
279 2340
280 2080
281 1880
282 1980
283 2080
284 2180
285 1980
286 2080
287 2180
288 2080
289 2080
290 2460
291 2180
292 1880
293 1980
294 2080
295 1980
296 1980
297 2180
298 2180
299 2080
300 1980
301 2460
302 1880
303 2180
304 2160
305 2160
306 2280
307 2180
308 1880
309 2080
310 1780
311 2460
312 1980
313 2460
314 2080
315 2440
316 1780
320 1980
321 2640
322 1880
323 2280
324 1880
325 2280
326 1980
327 1780
328 2080
329 2820
330 2460
331 1880
332 2280
333 2080
334 2180
335 2180
336 2080
337 2180
338 1980
339 1980
340 1980
341 2180
342 2080
343 1980
344 2180
345 2280
346 1880
347 1980
348 1780
349 2080
350 2820
351 2460
352 2280
353 2280
354 2180
355 2280
356 2080
357 1980
358 2180
359 3000
360 2180
361 1980
362 1880
363 2180
364 1980
365 1980
366 3000
367 2440
369 2160
370 2080
371 1880
372 2180
373 2080
374 2280
375 2640
376 2280
377 2640
378 1980
379 2640
380 1880
381 2640
382 2280
388 2280
389 2180
390 2180
391 2280
392 2640
393 2640
394 2820
395 2640
399 2080
400 2180
401 2540
402 2180
403 2460
404 1980
405 2280
406 2640
407 2280
408 2640
409 2180
410 2360
411 2280
412 2820
413 2180
414 1980
415 2460
416 2180
417 1780
418 1780
419 2080
420 2460
421 2180
422 2080
423 2080
424 2360
425 2460
426 2080
427 1680
428 1880
429 1880
430 1980
431 2460
432 2460
433 2280
434 2080
435 2620
436 1980
437 2080
438 2640
439 2460
440 1780
441 2640
442 2280
443 2280
444 1980
445 1980
446 2460
447 1980
448 1880
449 2280
450 1880
451 2280
452 2460
453 1780
454 2180
455 1880
456 2080
457 2260
458 2080
459 1780
460 2460
461 1880
462 2080
463 2700
464 1880
465 2460
466 2460
467 2540
468 2280
469 1980
470 2280
471 2280
472 2080
473 2180
474 2540
475 2280
476 1880
477 2180
478 2280
479 2080
480 2280
481 2080
482 2280
483 2180
484 2080
485 2080
486 2640
487 2640
488 2640
489 2080
490 2180
491 2360
492 1880
493 2180
494 1880
495 1980
496 2340
497 2180
498 2280
499 1980
500 2640
501 2460
502 2080
503 2180
504 2180
505 1980
506 1880
507 1880
508 2280
509 1980
510 1980
511 2280
512 2680
513 2280
514 1880
515 2640
516 2460
517 2180
518 1980
524 1780
525 2280
526 2280
527 1880
528 2640
529 2180
531 2080
535 1880
536 2260
537 1980
538 2280
539 2820
540 2640
541 2460
542 2180
543 2080
544 2340
545 2280
546 2180
547 2280
548 2360
552 2820
553 2640
554 2280
555 2280
556 2080
557 2280
560 2080
561 2080
563 2640
565 2280
566 1680
567 2640
569 2180
570 2280
571 2080
574 2280
575 2280
576 2640
577 2460
578 2180
579 1880
580 2180
581 3000
582 1980
583 2460
584 2460
585 2180
586 2460
587 2460
588 2080
589 2180
590 2820
591 2080
592 2820
594 1980
595 2640
596 3180
597 2720
598 2800
599 2260
600 2360
601 2460
602 1980
603 2080
604 2280
605 2280
606 2820
607 2180
608 2460
609 2820
610 2640
611 2460
612 2280
613 2180
614 2180
615 3180
616 2440
617 3080
618 2460
619 2080
620 2280
621 2720
622 3000
623 2820
626 2520
627 2280
628 2640
629 2820
630 2640
631 1980
632 2700
633 2340
634 2280
635 2460
636 2080
637 2080
638 2180
639 2180
640 2280
641 2280
642 2360
643 2460
644 2520
645 2520
646 2640
647 2820
648 3000
649 2280
650 2880
651 2460
652 2180
653 2460
654 2640
655 2820
656 2280
657 2820
658 2460
659 2460
663 2820
664 2280
665 2520
666 3360
667 2520
668 2620
669 2080
670 2280
671 2640
672 2280
673 2280
674 2180
675 2280
676 1780
677 2080
678 1780
684 1780
685 2360
686 2280
687 2180
688 2180
689 2080
701 1880
702 2180
710 2260
711 2640
712 2640
713 1980
716 2080
719 1780
720 1980
721 1880
722 2280
723 2260
724 2080
725 2360
726 2180
727 2540
728 2080
729 1980
730 1680
746 2440
747 2080
748 2080
749 2080
750 2080
751 2180
752 2080
753 1980
754 2440
755 2620
756 2280
757 2460
758 2820
769 2080
773 2640
774 2360
775 2080
776 2080
777 2180
782 1880
785 2460
787 1880
790 2280
791 2620
792 2620
793 2820
794 2460
795 2280
801 2260
802 2460
803 2700
804 3000
805 2640
806 3180
807 2280
810 2720
811 2180
812 2080
819 2080
820 2280
821 1880
822 2880
823 3080
824 2540
825 2280
826 2640
838 2280
839 2460
840 2340
849 2520
850 2080
860 2640
862 1880
863 3000
865 2180
866 2640
867 2280
868 2820
869 2180
870 2440
871 2460
872 2460
875 2280
876 2280
877 2640
878 2160
879 3060
880 2280
881 2280
882 2440
896 1980
897 3180
901 2640
903 3080
904 2820
913 2820
914 2460
917 2280
918 2440
919 2280
920 2080
921 2280
925 2620
926 2340
927 2160
928 2280
929 2280
930 2620
931 2540
932 2080
933 1980
934 2520
935 2280
936 2720
937 1980
938 2280
939 3180
940 2280
955 2640
956 2640
957 3000
958 2080
959 3000
960 2280
961 3000
962 2180
963 3180
964 2640
965 2460
966 2460
967 2460
968 2640
969 2460
970 2280
971 2280
972 2640
973 2640
974 2900
976 2460
977 2460
983 2460
984 2180
985 2180
987 2080
989 2180
990 2820
991 2360
992 2460
993 2280
994 2280
995 2640
996 2720
997 2080
998 2460
999 2280
1000 2080
1001 2820
1002 2280
1003 2440
1004 2460
1005 2280
1006 2180
1007 2900
1008 2280
1009 2820
1010 2280
1011 2280
1012 2460
1013 2280
1014 2640
1015 2460
1016 2640
1017 2080
1018 2080
1019 1980
1020 2820
1021 2460
1022 2460
1023 2180
1024 2280
1025 2280
1026 1980
1027 2460
1028 2180
1029 1980
1030 1880
1031 3000
1032 2080
1033 2280
1034 2280
1035 2280
1036 2180
1037 2280
1038 3360
1039 2460
1040 2640
1042 2340
1043 2180
1044 2880
1045 1680
1046 2080
1047 2080
1048 2460
1049 2080
1050 2540
1051 2080
1052 1980
1054 2180
1055 2080
1056 2820
1057 2280
1058 3000
1059 2820
1060 2640
1061 2180
1064 3000
1065 2460
1068 2080
1069 2280
1070 2820
1072 2180
1073 2280
1074 2820
1076 1980
1077 2280
1078 2180
1079 1980
1080 3000
1081 2080
1082 2640
1083 1880
1084 2180
1085 1980
1086 2880
1087 2640
1088 3000
1089 3260
1090 2820
1091 2460
1092 2080
1093 2280
1094 3000
1095 3180
1096 2620
1097 2820
1098 2280
1101 2640
1102 2820
1103 3600
1105 2640
1106 2640
1107 2180
1110 3360
1112 2820
1113 2820
1115 2460
1116 2080
1117 2460
1118 3360
1119 2360
1121 3180
1122 2800
1123 2900
1124 2280
1125 2280
1126 2640
1127 2820
1129 2640
1130 2280
1131 2180
1132 3180
1133 2180
1134 2180
1135 3180
1137 2640
1138 3180
1140 3000
1141 3080
1142 2700
1143 2440
1144 2800
1146 2540
1147 2820
1148 2640
1149 2460
1150 3000
1151 3000
1152 3000
1153 2640
1159 2820
1160 2820
1161 3180
1165 2820
1166 2180
1167 3000
1168 3000
1169 2280
1170 2440
1171 2440
1172 2260
1173 2340
1175 3000
1177 2280
1178 2820
1179 2640
1182 3060
1190 2640
1196 3000
1200 2640
1202 2700
1203 2440
1211 2820
1216 2340
1217 2460
1218 2360
1220 3000
1224 2820
1225 2820
1226 2280
1227 2820
1228 3180
1229 3180
1232 2900
1233 2460
1234 3000
1235 2280
1236 2820
1237 2280
1238 3180
1240 2980
1243 2900
1245 2460
1248 2820
1251 2460
1252 2080
1253 2820
1258 3180
1259 2720
1260 2080
1261 2440
1262 2280
1263 2640
1264 1980
1265 2280
1266 2460
1267 2180
1276 2720
1277 2460
1278 2280
1286 1980
1290 2180
1302 2640
1303 2820
1304 2460
1305 3000
1306 2280
1307 2460
1308 2820
1309 2820
1310 3000
1311 2180
1316 2820
1318 3000
1321 2360
1322 3180
1324 2820
1326 2640
1327 2520
1328 2640
1329 2280
1330 2640
1332 2280
1333 3260
1334 2460
1335 3000
1336 2640
1337 2460
1338 2460
1339 3360
1340 2460
1341 2460
1342 2820
1343 2260
1347 3180
1348 2460
1351 3000
1352 3180
1353 2460
1354 2640
1355 1880
1356 2820
1359 3000
1360 2360
1361 3000
1362 2460
1363 2640
1364 3180
1365 2280
1366 2180
1367 3000
1370 2640
1372 2640
1373 2460
1374 3180
1377 2640
1378 2720
1379 3600
1380 2440
1381 3180
1382 2820
1386 3000
1387 2460
1388 2180
1391 3000
1392 2180
1393 2720
1394 2900
1395 2340
1398 2820
1399 3300
1400 2900
1402 3360
1404 3000
1405 2820
1406 2700
1407 2640
1408 2180
1409 2820
1411 2540
1412 2640
1414 3600
1415 2820
1416 3080
1417 2820
1419 2640
1420 2820
1421 2820
1423 2820
1424 2620
1425 3080
1426 2640
1427 3260
1428 2640
1430 3180
1431 2700
1432 2640
1433 2640
1434 3260
1435 2180
1436 2820
1437 3600
1438 2820
1439 3260
1440 2820
1441 3360
1442 3000
1443 3000
1444 2980
1445 2340
1446 3180
1452 2640
1453 2820
1454 2620
1455 2820
1456 2820
1457 2440
1458 3840
1459 3180
1460 2440
1461 2640
1463 2880
1464 2280
1465 2460
1466 2820
1467 3000
1468 2280
1469 2700
1470 3180
1471 2080
1472 2460
1473 2640
1474 2640
1478 2460
1479 2640
1480 2460
1481 3180
1484 3300
1485 2640
1486 3000
1487 2640
1492 2640
1493 2820
1494 2280
1495 2460
1496 2720
1497 2540
1498 2460
1499 3180
1500 2720
1501 2460
1502 3180
1503 2460
1504 2460
1505 3600
1506 2180
1507 2180
1508 2640
1509 2460
1511 2820
1512 2280
1513 2280
1514 2640
1515 2080
1516 3180
1517 2280
1520 2640
1521 2280
1522 2460
1523 3360
1531 2180
1538 3080
1547 2460
1562 2460
1563 2640
1564 2340
1578 2820
1579 2440
1586 2820
1607 2460
1608 2640
1609 2520
1610 2460
1611 3360
1612 3360
1629 2340
1630 3180
1639 2640
1644 2640
1652 2640
1666 3000
1670 2820
1671 2640
1672 2080
1673 2180
1674 2820
1675 2640
1676 2280
1677 2460
1691 2640
1692 2180
1693 3000
1697 2820
1698 2460
1699 2820
1700 2460
1701 3360
1702 2820
1703 3180
1712 2820
1713 2820
1714 2640
1715 3000
1716 3180
1717 1980
1718 2820
1719 2820
1720 2640
1726 2460
1734 2640
1735 2820
1736 2640
1737 2180
1743 3360
1758 2080
1759 2820
1760 3180
1761 2460
1762 2820
1778 2820
1779 2520
1796 2820
1797 2460
1802 3180
1803 2820
1814 2460
1836 2640
1838 2460
1839 2460
1842 3000
1843 2080
1848 2640
1859 2640
1860 2080
1861 2280
1862 2820
1863 3180
1864 2640
1872 2820
1882 3000
1896 2180
1897 2820
1898 2080
1901 2820
1902 2640
1910 3180
1911 3000
1912 3180
1914 2080
1923 2820
1924 2440
1933 2460
1934 2820
1935 2640
1936 2440
1937 2520
1938 2460
1939 2640
1958 2880
1964 2280
1965 3600
1966 3000
1967 2820
1968 2460
1970 2640
1990 2280
1991 2720
1992 2820
1993 2640
2000 2460


20 3400
47 2800
193 2800
317 2980
318 2980
319 2620
368 2980
383 2980
384 3640
385 3160
386 3400
387 3160
396 3160
397 2440
398 3400
519 2620
520 2800
521 2980
522 3280
523 3880
530 3880
532 3400
533 3400
534 3160
549 2980
550 4360
551 3640
558 4120
559 3400
562 3880
564 2800
568 3160
572 3650
573 4120
593 2820
624 3640
625 4360
660 3640
661 3520
662 3880
679 3640
683 3460
690 3880
691 3640
692 4420
693 3880
694 3640
695 3400
696 3760
697 3880
698 3400
699 3220
700 4600
705 3520
706 4600
707 4120
714 3160
715 2860
717 3880
718 3040
731 2620
732 2800
733 3880
734 4360
735 4120
736 3520
737 3220
738 2980
739 3160
740 3880
741 3640
742 3880
759 3640
760 3820
762 2800
763 2980
764 3760
765 2980
766 3340
767 3340
768 4120
770 3280
771 3700
772 3880
779 3160
780 4120
781 3160
783 3940
784 3700
788 4360
789 3640
796 4120
797 4360
798 4840
808 4600
809 3940
813 3460
814 3400
827 3520
828 4120
829 3820
830 3940
837 3880
841 4120
842 3340
848 4840
851 3880
852 3880
853 3880
854 4120
855 3880
856 3640
858 3880
859 3880
861 3280
873 3640
883 4720
887 4360
888 4840
889 4600
890 4840
891 4360
895 4240
899 4600
900 3640
908 3880
909 4420
910 4720
911 4600
912 5320
916 3820
923 3820
924 4120
941 3640
942 4600
943 3340
944 4480
945 4000
946 2860
947 2980
948 4480
949 3400
950 3880
951 4360
975 4180
978 4360
980 4600
981 4600
982 4840
986 3640
988 3940
1041 3880
1053 4360
1062 3400
1063 2980
1066 3160
1067 4600
1071 3640
1075 3400
1099 3640
1104 3880
1108 4360
1111 4360
1114 4120
1120 4600
1128 4120
1136 4600
1145 3640
1154 4840
1156 4120
1157 3880
1158 4300
1162 4120
1163 4360
1164 5080
1174 3940
1176 4180
1180 3880
1183 4420
1185 4360
1186 4120
1188 4360
1189 4540
1191 3760
1192 4120
1193 5700
1194 4360
1195 5080
1198 4600
1199 5320
1204 4480
1212 3040
1222 4120
1231 5080
1239 4360
1241 3880
1246 4480
1250 5320
1255 4360
1268 3700
1274 4840
1275 4060
1279 4600
1280 4600
1281 5080
1282 4120
1288 3400
1289 4600
1291 4600
1312 5340
1317 4600
1320 4600
1323 3880
1325 4600
1331 4840
1350 4360
1358 3640
1368 3580
1371 4720
1376 4120
1384 4180
1385 4360
1389 3640
1396 4360
1397 4240
1410 4600
1413 4600
1422 4600
1447 4360
1451 4360
1462 3880
1475 4600
1482 4360
1483 4720
1488 5340
1489 4120
1490 4840
1491 3640
1544 4360
1590 5080
1591 4360
1614 4600
1615 4840
1616 5700
1617 4420
1619 3880
1620 4600
1624 4360
1625 4120
1633 4120
1640 4600
1650 4180
1681 4840
1694 3580
1695 4360
1704 5080
1711 4840
1727 4600
1744 4840
1780 4480
1801 5080
1804 4360
1815 4120
1841 4120
1865 3400
1883 4360
1885 4180


680 -200
681 2280
682 2669
703 2780
704 3540
708 3440
709 3160
743 1060
744 2040
745 1680
761 420
778 1800
786 2040
799 4300
800 4680
815 4060
816 2540
817 2540
818 5820
831 4300
832 1280
833 1800
834 2920
835 3540
836 3160
843 3820
844 2940
845 3300
846 2280
847 2040
857 3160
864 2040
874 2540
884 2280
885 3540
886 4300
892 2280
893 3160
894 2780
898 2660
902 2780
905 3160
906 5060
907 3540
915 4300
922 3920
952 3820
953 3160
954 4300
979 4680
1100 2660
1109 3300
1139 4300
1155 3160
1181 2800
1184 3460
1187 3540
1197 3540
1201 5060
1205 4300
1206 3540
1207 4300
1208 5060
1209 4680
1210 2660
1213 3920
1214 3160
1215 3160
1219 6200
1221 4680
1223 2920
1230 4560
1242 4820
1244 5060
1247 3920
1249 3540
1254 3920
1256 3920
1257 4300
1269 4440
1270 2780
1271 5440
1272 2660
1273 4300
1283 5060
1284 4300
1285 4680
1287 3420
1292 2660
1293 3320
1294 3300
1295 4300
1296 3920
1297 3920
1298 2920
1299 4560
1300 4180
1301 3540
1313 3920
1314 3180
1315 1180
1319 3920
1344 3800
1345 3420
1346 4300
1349 2040
1357 3420
1369 3540
1375 5820
1383 3940
1390 4680
1401 5480
1403 3440
1418 3540
1429 6720
1448 5340
1449 4460
1450 4820
1476 2660
1477 5100
1510 3540
1518 3160
1519 4680
1524 3820
1530 3420
1537 3920
1539 5060
1540 4840
1541 3420
1542 4680
1545 4300
1548 4680
1549 3920
1550 4060
1565 4340
1569 5440
1570 6200
1571 4700
1572 5100
1573 3920
1574 3160
1575 4680
1581 4680
1582 3180
1583 3940
1585 4680
1587 4440
1588 5440
1589 6200
1592 5340
1593 5060
1594 5440
1595 5060
1596 4820
1598 5440
1599 5440
1600 5720
1602 4180
1603 6200
1604 3180
1605 3160
1613 3820
1618 5340
1621 6200
1622 5340
1623 5820
1626 2800
1627 4300
1628 2420
1631 5980
1632 5440
1634 4680
1635 5100
1636 4560
1637 4300
1638 4300
1643 4560
1645 3800
1646 4440
1647 5060
1648 3800
1649 5100
1653 5440
1654 3840
1655 4080
1656 5440
1657 4820
1658 5820
1659 5440
1660 3920
1661 5200
1662 4180
1663 5440
1664 4180
1665 4820
1667 5820
1668 3800
1669 4680
1678 6200
1679 6200
1680 4820
1682 4560
1683 4560
1684 5100
1685 4680
1686 4580
1687 5440
1688 5440
1689 5440
1690 2780
1696 4700
1705 3920
1706 6200
1707 6700
1708 5440
1709 6200
1710 5820
1721 5820
1722 5200
1723 5060
1724 5060
1725 5440
1728 5060
1729 5440
1730 4940
1731 5060
1732 7200
1733 3420
1738 5100
1739 6200
1740 4680
1741 5440
1742 4680
1745 4300
1746 2660
1747 3540
1748 5060
1749 4300
1750 3420
1751 3800
1752 3420
1753 3420
1754 5060
1755 4220
1756 5820
1757 5060
1763 4680
1764 4560
1765 4300
1766 3920
1767 3920
1768 3040
1769 4680
1770 3540
1771 6460
1772 6460
1773 4320
1774 4080
1775 5060
1776 3700
1777 3920
1781 4220
1782 3920
1783 5060
1784 5960
1785 4180
1786 5820
1787 5320
1788 4560
1789 5700
1790 5440
1791 6480
1792 5060
1793 4940
1794 5060
1795 5100
1798 4680
1799 3800
1800 4940
1805 5060
1806 5220
1807 4300
1808 6480
1809 5820
1810 5820
1811 5060
1812 5060
1813 3540
1816 5440
1817 4680
1818 3920
1819 4820
1820 4680
1821 4460
1822 3920
1823 5820
1824 6200
1825 4680
1826 5820
1827 4300
1828 5700
1829 6200
1830 7220
1831 5440
1832 4680
1833 5060
1834 5060
1835 5440
1837 4180
1840 5480
1844 3680
1845 4680
1846 4300
1847 5060
1849 3800
1850 6200
1851 6200
1852 4560
1853 6700
1854 5440
1855 6200
1856 4680
1857 4680
1858 4180
1866 5100
1867 5820
1868 5440
1869 5440
1870 5440
1871 3540
1873 5100
1874 5720
1875 6200
1876 6200
1877 5820
1878 5340
1879 5820
1880 5440
1881 6700
1884 5060
1886 5060
1887 5820
1888 5060
1889 5440
1890 5340
1891 5440
1892 4680
1893 5440
1894 4720
1895 5060
1899 4300
1900 3920
1903 5820
1904 4680
1905 5960
1906 5820
1907 6200
1908 5980
1909 4300
1913 4820
1915 3920
1916 5820
1917 6200
1918 6460
1919 4680
1920 4680
1921 6200
1922 5060
1925 4680
1926 4300
1927 4560
1928 4560
1929 4680
1930 3420
1931 5060
1932 6480
1940 5820
1941 5060
1942 4680
1943 4560
1944 3700
1945 5720
1946 6700
1947 7200
1948 5060
1949 6700
1950 4680
1951 6200
1952 5340
1953 5820
1954 6700
1955 5060
1956 5820
1957 5440
1959 5060
1960 5060
1961 6960
1962 6200
1963 4300
1969 5820
1971 3180
1972 4580
1973 5440
1974 5720
1975 5720
1976 4820
1977 4680
1978 5820
1979 4680
1980 5820
1981 7200
1982 5960
1983 5720
1984 6200
1985 5060
1986 6480
1987 4300
1988 4560
1989 4820
1994 5440
1995 5820
1996 4320
1997 5820
1998 6200
1999 4560
2001 4940
2002 5060
2003 7200
2004 5320
2005 6980
2006 3420
2007 7220
2008 5440
2009 5340
2010 5060
2011 4560
2012 6200
2013 5440
2014 4960
2015 6200
2016 6200
2017 5720
2018 7200
2019 4460
2020 5480
2021 6700


20 1805
21 1809
23 1807
24 1811
25 1790
26 1775
27 1743
28 1750
29 1718
30 1744
31 1777
32 1802
33 1844
34 1847
35 1817
36 1828
37 1844
38 1874
39 1864
40 1868
41 1846
42 1843
43 1834
44 1806
45 1786
46 1799
47 1804
48 1783
50 1776
51 1762
52 1761
53 1755
54 1761
55 1787
56 1806
57 1785
58 1802
59 1825
60 1821
61 1828
62 1843
63 1858
64 1873
65 1857
66 1887
67 1895
68 1891
69 1900
70 1910
71 1919
72 1915
73 1923
74 1930
75 1931
76 1879
77 1905
78 1905
79 1892
80 1885
81 1884
82 1876
83 1862
84 1854
85 1890
86 1907
87 1918
88 1902
89 1893
90 1917
91 1908
92 1905
93 1904
94 1915
95 1933
96 1911
97 1897
98 1896
99 1902
100 1914
101 1950
102 1942
103 1940
104 1951
105 1903
106 1909
107 1920
108 1924
109 1941
110 1925
111 1922
112 1925
113 1928
114 1930
115 1925
116 1903
117 1907
118 1873
119 1859
120 1882
121 1868
122 1874
123 1867
124 1814
125 1853
126 1841
127 1835
128 1835
129 1829
130 1843
131 1863
132 1877
133 1897
134 1891
135 1905
136 1929
137 1940
138 1926
139 1944
140 1930
141 1935
142 1940
143 1951
144 1950
145 1961
146 1966
147 1950
148 1961
149 1983
150 1978
151 1968
152 1977
153 1979
154 1974
155 1980
156 1993
157 1948
158 1942
159 1936
160 1943
161 1944
162 1938
163 1952
164 1941
165 1916
166 1906
167 1903
168 1893
169 1884
170 1876
171 1867
172 1872
173 1877
174 1901
175 1892
176 1897
177 1908
178 1912
179 1935
180 1940
181 1943
182 1966
183 1963
184 1972
185 1995
186 1997
187 1993
188 1988
189 1990
190 2004
191 2012
192 2006
193 2038
194 2032
196 2019
197 2018
198 2030
199 2048
200 2059
201 2049
202 2065
203 2066
204 2068
205 2056
206 2065
207 2066
208 2061
209 2098
210 2079
211 2054
212 2043
213 2025
214 2053
215 2061
216 2087
217 2082
218 2070
219 2107
220 2106
221 2112
222 2111
223 2111
224 2096
225 2109
226 2096
227 2108
228 2099
229 2111
230 2097
231 2096
232 2082
233 2107
234 2093
235 2073
236 2073
237 2060
238 2053
239 2028
240 2037
241 2025
242 2051
243 2075
244 2067
245 2047
246 2041
247 2036
248 2024
249 2037
250 2033
251 2083
252 2097
253 2097
254 2091
255 2098
256 2079
257 2073
258 2081
259 2044
260 2033
261 2010
262 2027
263 2042
264 2039
265 2029
266 2025
267 2041
268 2023
269 2042
270 2043
271 2032
272 2026
273 2029
274 2038
275 2034
276 2037
277 2045
278 2047
279 2048
280 2074
281 2081
282 2070
283 2066
284 2069
285 2065
286 2062
287 2071
288 2080
289 2082
290 2076
291 2102
292 2088
293 2094
294 2100
295 2105
296 2117
297 2122
298 2107
299 2106
300 2086
301 2110
302 2102
303 2125
304 2123
305 2144
306 2121
307 2112
308 2147
309 2130
311 2141
312 2125
313 2136
314 2127
315 2105
316 2103
317 2149
319 2169
320 2152
321 2161
322 2156
323 2158
324 2161
325 2156
326 2158
327 2147
328 2137
330 2127
331 2130
332 2127
333 2116
334 2119
335 2128
336 2111
337 2102
338 2080
339 2079
340 2124
341 2145
342 2155
343 2164
344 2166
345 2174
346 2169
347 2158
348 2159
349 2212
350 2213
351 2201
352 2182
353 2184
354 2172
355 2161
356 2217
357 2234
358 2232
359 2225
360 2205
361 2204
362 2197
363 2203
364 2231
365 2235
366 2263
367 2246
368 2272
369 2247
371 2271
372 2272
373 2274
374 2270
376 2265
377 2268
378 2293
379 2317
381 2351
382 2373
383 2359
385 2351
386 2367
388 2358
389 2366
390 2343
392 2339
393 2360
394 2358
396 2378
397 2368
398 2368
399 2363
401 2392
402 2379
403 2354
404 2360
405 2349
406 2312
407 2276
409 2260
410 2270
411 2261
412 2246
413 2231
414 2235
415 2245
416 2230
417 2191
418 2168
419 2146
420 2131
421 2147
422 2164
423 2168
424 2160
425 2186
426 2171
427 2163
428 2192
429 2209
430 2182
431 2211
432 2216
433 2223
434 2210
435 2197
436 2216
437 2204
438 2184
439 2191
440 2170
441 2177
442 2196
443 2170
444 2170
445 2151
446 2146
447 2153
448 2147
449 2122
450 2140
451 2120
452 2114
453 2149
454 2130
455 2149
456 2169
457 2192
458 2198
459 2185
460 2192
461 2199
462 2193
463 2194
464 2219
465 2225
466 2205
467 2206
468 2213
469 2206
470 2212
471 2205
472 2211
473 2211
474 2203
475 2196
476 2225
477 2252
478 2278
479 2268
480 2262
481 2270
482 2245
483 2240
484 2216
485 2199
486 2207
487 2204
488 2209
489 2194
490 2222
491 2237
492 2228
493 2225
494 2222
495 2206
496 2185
497 2164
498 2170
499 2156
500 2142
501 2149
502 2180
503 2185
504 2164
505 2193
506 2208
507 2206
508 2192
509 2167
510 2175
512 2182
513 2163
514 2194
516 2194
517 2187
518 2167
520 2172
521 2159
523 2166
524 2207
526 2237
527 2254
528 2252
530 2244
531 2253
532 2257
534 2254
535 2257
536 2265
538 2302
539 2325
540 2324
542 2325
543 2312
544 2312
546 2299
547 2288
549 2313
550 2313
551 2273
553 2297
554 2290
556 2289
557 2276
558 2276
560 2275
561 2297
563 2307
564 2297
566 2268
567 2261
568 2307
570 2287
571 2298
572 2308
573 2300
575 2310
576 2319
577 2304
578 2295
579 2330
580 2316
581 2350
583 2329
584 2351
585 2407
586 2431
587 2458
588 2451
589 2449
590 2453
591 2427
592 2407
593 2400
594 2393
596 2421
597 2407
598 2411
599 2439
600 2454
601 2455
602 2444
603 2429
604 2413
605 2462
606 2462
607 2502
608 2501
609 2476
610 2464
611 2479
612 2513
613 2534
614 2535
615 2519
616 2528
617 2549
618 2558
620 2525
621 2540
622 2530
623 2517
624 2514
625 2486
626 2459
627 2439
628 2420
629 2407
630 2395
631 2389
632 2390
634 2395
635 2400
636 2411
637 2433
638 2468
639 2455
640 2482
641 2481
642 2462
643 2460
644 2471
645 2495
646 2483
647 2507
648 2506
649 2506
650 2530
651 2518
652 2522
654 2580
655 2581
656 2589
657 2561
658 2546
659 2554
660 2538
662 2522
663 2499
664 2483
665 2435
666 2407
667 2361
669 2317
670 2312
671 2303
673 2289
674 2275
675 2256
677 2225
679 2214
682 2209
684 2230
686 2250
689 2227
691 2213
693 2180
696 2161
698 2138
700 2141
702 2144
704 2137
706 2150
708 2151
710 2175
712 2169
714 2158
715 2128
718 2149
721 2145
723 2142
725 2139
728 2135
730 2137
732 2132
734 2121
736 2141
738 2171
739 2179
741 2198
743 2238
745 2230
747 2258
750 2268
752 2261
754 2253
756 2252
758 2231
761 2247
763 2224
766 2229
768 2255
770 2280
772 2317
774 2330
776 2331
779 2331
781 2343
783 2368
785 2413
787 2432
789 2485
790 2477
792 2498
794 2482
796 2460
798 2438
800 2429
802 2395
804 2426
806 2470
807 2478
809 2468
811 2483
813 2473
815 2475
817 2468
820 2473
822 2447
825 2459
828 2420
831 2454
834 2434
837 2445
840 2433
842 2457
845 2438
847 2436
849 2435
852 2434
854 2424
856 2414
858 2429
860 2412
862 2455
864 2445
866 2436
868 2436
870 2405
873 2453
875 2464
878 2505
880 2528
883 2550
885 2548
888 2535
891 2532
893 2518
896 2492
898 2479
900 2489
903 2479
905 2459
907 2446
909 2435
911 2445
913 2451
915 2426
917 2395
919 2401
921 2390
922 2408
924 2378
925 2368
927 2416
928 2406
931 2419
933 2431
935 2466
937 2439
939 2474
941 2462
942 2498
944 2481
946 2529
947 2542
949 2542
951 2541
952 2541
954 2551
955 2549
957 2536
958 2522
959 2532
961 2541
962 2566
964 2562
965 2558
967 2553
968 2529
970 2506
971 2477
973 2455
974 2475
976 2463
977 2460
979 2445
980 2430
981 2440
983 2455
984 2428
985 2427
987 2414
988 2390
989 2414
990 2404
992 2405
993 2407
994 2398
995 2382
996 2414
997 2405
998 2431
1000 2421
1001 2412
1002 2415
1003 2407
1004 2423
1005 2427
1006 2443
1007 2421
1008 2400
1009 2372
1010 2399
1011 2403
1012 2406
1013 2392
1014 2384
1015 2376
1016 2349
1017 2355
1018 2342
1019 2317
1020 2286
1021 2328
1022 2310
1023 2305
1024 2301
1025 2297
1026 2286
1027 2283
1028 2350
1029 2356
1030 2375
1031 2374
1032 2363
1033 2397
1034 2352
1035 2336
1036 2320
1037 2330
1038 2315
1039 2329
1040 2312
1041 2291
1043 2283
1044 2270
1045 2304
1046 2303
1047 2348
1048 2379
1049 2398
1050 2386
1051 2427
1053 2430
1054 2410
1055 2403
1056 2431
1058 2416
1059 2408
1060 2435
1062 2406
1063 2400
1064 2388
1066 2363
1067 2405
1068 2386
1070 2405
1071 2373
1072 2361
1073 2335
1074 2369
1076 2385
1077 2425
1078 2479
1079 2502
1080 2500
1081 2473
1082 2461
1084 2495
1085 2541
1086 2550
1087 2571
1088 2557
1089 2567
1090 2589
1091 2659
1092 2664
1094 2670
1095 2645
1096 2697
1097 2712
1099 2726
1100 2715
1101 2680
1103 2668
1104 2716
1105 2696
1107 2730
1108 2737
1110 2749
1111 2719
1112 2690
1113 2685
1115 2692
1116 2689
1117 2663
1119 2631
1120 2663
1121 2629
1122 2596
1124 2631
1125 2629
1126 2662
1127 2682
1128 2706
1130 2705
1131 2690
1132 2698
1133 2688
1135 2697
1136 2694
1137 2681
1138 2703
1139 2724
1140 2743
1142 2737
1143 2745
1145 2752
1146 2782
1148 2789
1149 2755
1151 2773
1152 2790
1154 2760
1155 2742
1157 2723
1158 2693
1159 2668
1161 2687
1162 2658
1164 2664
1165 2659
1167 2681
1169 2676
1171 2695
1173 2691
1176 2691
1178 2673
1180 2681
1183 2658
1186 2643
1189 2622
1192 2643
1194 2652
1197 2661
1200 2636
1202 2646
1205 2680
1207 2713
1209 2728
1212 2714
1214 2735
1216 2709
1218 2720
1220 2694
1222 2727
1224 2746
1226 2757
1228 2740
1230 2746
1232 2728
1234 2687
1236 2694
1238 2725
1240 2725
1241 2685
1243 2669
1245 2643
1247 2641
1248 2597
1250 2572
1251 2560
1253 2530
1255 2536
1257 2525
1259 2504
1261 2463
1263 2437
1266 2443
1269 2462
1272 2457
1275 2488
1278 2472
1280 2467
1283 2487
1285 2505
1288 2536
1290 2514
1292 2534
1295 2566
1297 2556
1300 2599
1302 2616
1304 2622
1306 2621
1309 2628
1311 2611
1313 2618
1315 2600
1317 2647
1318 2639
1320 2666
1322 2668
1323 2657
1325 2648
1326 2696
1328 2684
1329 2670
1330 2680
1331 2653
1333 2686
1334 2672
1336 2693
1337 2725
1339 2708
1340 2704
1341 2651
1343 2662
1344 2682
1346 2661
1347 2683
1348 2668
1350 2666
1351 2700
1352 2675
1353 2643
1355 2666
1356 2663
1358 2661
1359 2646
1360 2680
1362 2677
1363 2680
1365 2739
1366 2722
1367 2752
1369 2759
1370 2777
1372 2759
1373 2724
1375 2742
1376 2707
1378 2708
1379 2721
1381 2699
1382 2708
1384 2747
1385 2757
1387 2797
1388 2813
1390 2816
1391 2812
1393 2803
1394 2765
1396 2770
1397 2755
1398 2747
1400 2801
1401 2803
1403 2821
1404 2821
1405 2810
1407 2811
1408 2812
1409 2814
1411 2802
1412 2822
1413 2812
1415 2844
1416 2833
1417 2856
1418 2849
1420 2836
1421 2823
1422 2851
1423 2807
1424 2806
1426 2856
1427 2854
1428 2882
1429 2881
1430 2915
1431 2924
1432 2932
1433 2937
1434 2901
1436 2919
1437 2902
1438 2897
1440 2881
1441 2877
1442 2874
1444 2846
1445 2910
1446 2928
1447 2898
1449 2881
1450 2881
1451 2841
1452 2815
1454 2813
1455 2823
1456 2786
1457 2777
1458 2799
1460 2750
1461 2725
1462 2713
1463 2703
1464 2682
1466 2675
1467 2656
1468 2685
1470 2722
1471 2715
1472 2733
1474 2725
1475 2719
1477 2725
1478 2696
1480 2679
1481 2679
1482 2669
1484 2653
1485 2686
1487 2689
1488 2676
1489 2709
1491 2695
1492 2680
1493 2740
1494 2705
1496 2673
1497 2670
1498 2656
1499 2667
1500 2642
1502 2616
1503 2615
1504 2578
1505 2612
1506 2587
1507 2586
1509 2563
1510 2553
1511 2602
1513 2575
1514 2606
1517 2596
1520 2587
1523 2589
1527 2571
1531 2586
1534 2575
1538 2588
1544 2580
1549 2583
1554 2578
1558 2571
1563 2622
1567 2671
1573 2655
1578 2692
1583 2693
1588 2693
1594 2693
1600 2717
1607 2728
1612 2725
1618 2687
1623 2655
1629 2667
1633 2666
1638 2641
1642 2628
1647 2627
1652 2598
1656 2621
1660 2634
1664 2622
1668 2633
1671 2621
1674 2666
1677 2676
1680 2708
1683 2716
1686 2723
1689 2718
1692 2736
1695 2765
1697 2716
1699 2725
1701 2733
1703 2730
1705 2715
1708 2712
1710 2721
1713 2719
1715 2687
1717 2733
1721 2693
1724 2701
1727 2732
1730 2716
1733 2722
1736 2728
1740 2714
1744 2719
1749 2701
1753 2730
1757 2734
1762 2715
1768 2708
1774 2690
1779 2673
1785 2693
1790 2653
1795 2651
1801 2649
1806 2611
1811 2589
1816 2600
1821 2636
1825 2635
1830 2646
1835 2668
1841 2636
1846 2647
1851 2610
1856 2620
1860 2621
1865 2655
1870 2676
1874 2710
1878 2671
1882 2681
1886 2667
1891 2654
1895 2665
1899 2664
1903 2651
1906 2644
1909 2634
1912 2635
1916 2651
1921 2628
1925 2691
1928 2712
1932 2721
1936 2706
1939 2703
1943 2675
1948 2676
1952 2685
1955 2683
1959 2668


495 3398
504 3369
512 3364
519 3390
526 3444
533 3412
541 3434
549 3499
559 3516
568 3523
577 3553
586 3567
595 3568
603 3596
611 3607
619 3665
625 3687
632 3690
638 3676
644 3684
650 3699
655 3683
660 3657
665 3720
669 3710
674 3770
678 3795
682 3759
686 3704
690 3718
693 3677
697 3610
701 3555
704 3571
707 3617
710 3648
713 3636
715 3606
717 3563
719 3532
721 3549
723 3551
725 3568
728 3568
731 3581
733 3527
736 3489
739 3503
741 3466
743 3453
746 3441
748 3481
750 3465
752 3476
754 3501
756 3478
759 3520
761 3501
763 3531
765 3544
767 3600
769 3607
771 3642
774 3690
776 3768
779 3829
781 3847
784 3833
787 3815
790 3803
793 3829
796 3836
799 3850
802 3860
806 3884
809 3858
812 3928
816 3931
819 3934
822 3936
825 3951
828 3950
831 3933
834 3931
836 3929
839 3888
842 3870
846 3923
849 3949
853 4005
856 4044
859 4097
862 4117
865 4128
868 4163
871 4137
875 4128
878 4154
881 4197
884 4230
886 4307
889 4285
892 4262
895 4259
899 4225
903 4254
906 4198
910 4220
913 4209
916 4124
919 4049
922 4074
925 4028
927 4013
930 4029
934 4032
937 4045
941 4072
945 4099
948 4141
951 4106
955 4092
961 4077
968 4093
976 4047
983 3976
989 3919
996 3956
1002 3931
1009 3892
1016 3872
1024 3871
1031 3900
1038 3929
1045 3941
1052 3983
1059 3995
1067 4035
1074 4014
1081 4070
1089 4076
1095 4064
1102 4081
1108 4084
1114 4101
1119 4166
1125 4154
1131 4160
1136 4146
1141 4169
1145 4189
1150 4193
1154 4211
1158 4240
1161 4218
1165 4218
1168 4318
1171 4326
1174 4381
1176 4402
1179 4467
1181 4474
1184 4387
1188 4372
1191 4420
1195 4420
1199 4388
1203 4396
1207 4459
1211 4456
1216 4411
1220 4441
1225 4419
1230 4432
1234 4444
1238 4486
1242 4466
1247 4400
1251 4412
1254 4423
1260 4482
1265 4490
1270 4498
1275 4458
1279 4467
1284 4489
1290 4478
1296 4424
1302 4368
1308 4389
1314 4370
1320 4358
1326 4358
1332 4309
1338 4308
1343 4300
1349 4316
1355 4330
1361 4344
1368 4344
1376 4344
1383 4311
1391 4327
1399 4327
1406 4350
1414 4413
1421 4396
1428 4427
1434 4376
1443 4374
1455 4419
1466 4418
1478 4434
1490 4464
1501 4548
1511 4548
1521 4513
1530 4525
1540 4521
1548 4499
1557 4478
1565 4488
1574 4470
1584 4496
1594 4437
1604 4430
1613 4470
1623 4493
1632 4500
1643 4522
1654 4520
1667 4557
1679 4545
1691 4517
1704 4491
1718 4419
1732 4413
1745 4395


814 2918
819 2946
824 2894
829 2874
834 2839
839 2885
844 2981
848 2944
853 2967
857 2960
861 2943
864 2933
868 2942
872 3070
875 3094
879 3169
883 3220
888 3265
894 3264
899 3336
905 3435
919 3403
933 3410
949 3478
964 3469
981 3438
997 3451
1013 3469
1028 3486
1043 3600
1057 3660
1071 3666
1084 3719
1097 3817
1108 3886
1120 3818
1130 3834
1140 3802
1149 3767
1158 3929
1167 3985
1175 3924
1182 3968
1190 4026
1197 4099
1203 4096
1209 4070
1215 4068
1220 4067
1224 4088
1229 4118
1233 4042
1236 4137
1240 4048
1243 4068
1246 4135
1250 4148
1253 4184
1256 4136
1259 4040
1263 3991
1266 3943
1269 3960
1271 3952
1274 3947
1277 3879
1279 3916
1281 3927
1284 3895
1286 3887
1289 3835
1291 3658
1294 3662
1298 3659
1302 3633
1305 3668
1309 3557
1313 3537
1318 3527
1322 3664
1327 3677
1332 3739
1338 3848
1343 3825
1349 3808
1356 3997
1363 4093
1370 4130
1377 4192
1385 4110
1393 4186
1403 4158
1412 4105
1422 4152
1431 4142
1440 4107
1449 4102
1457 4173
1465 4227
1473 4187
1480 4230
1487 4244
1493 4277
1500 4259
1505 4249
1512 4257
1518 4335
1524 4455
1529 4472
1534 4513
1538 4478
1543 4395
1546 4414
1550 4434
1554 4354
1557 4324
1560 4348
1563 4358
1566 4433
1568 4555
1571 4614
1573 4655
1575 4717
1577 4749
1579 4765
1581 4819
1583 4869
1585 4933
1586 4897
1588 4992
1590 4887
1591 4783
1593 4725
1595 4766
1598 4860
1600 4894
1602 4956
1604 4823
1606 4794
1608 4645
1610 4731
1612 4777
1614 4770
1616 4790
1618 4774
1619 4739
1621 4702
1623 4684
1625 4616
1627 4592
1629 4613
1631 4553
1633 4579
1634 4628
1636 4573
1638 4536
1640 4589
1642 4603
1643 4683
1645 4734
1646 4690
1648 4726
1649 4692
1650 4739
1652 4704
1653 4715
1654 4791
1656 4737
1657 4738
1659 4836
1660 4925
1662 4926
1664 4911
1665 4896
1667 4917
1669 4910
1670 4895
1672 4936
1673 4974
1675 5009
1676 4871
1678 4861
1680 4799
1682 4886
1684 5004
1686 5035
1688 5111
1690 5162
1693 5210
1695 5219
1698 5219
1700 5216
1702 5239
1705 5234
1707 5254
1709 5239
1711 5232
1713 5365
1715 5246
1717 5239
1719 5305
1721 5272
1723 5290
1725 5256
1727 5197
1729 5035
1731 4933
1732 4932
1734 4882
1736 4778
1737 4704
1739 4602
1740 4503
1741 4511
1743 4467
1744 4532
1745 4547
1747 4540
1748 4528
1750 4501
1751 4452
1753 4406
1754 4305
1756 4315
1757 4252
1758 4382
1759 4508
1761 4494
1762 4470
1763 4508
1764 4458
1766 4428
1767 4419
1768 4393
1770 4443
1771 4548
1772 4532
1773 4620
1775 4675
1776 4678
1777 4752
1778 4806
1780 4922
1781 4940
1782 4950
1783 4966
1784 4987
1785 4980
1787 4917
1788 4929
1789 4947
1791 4973
1792 4937
1793 5039
1795 5094
1796 5145
1797 5147
1799 5153
1800 5059
1801 5089
1803 5069
1804 4998
1806 4985
1807 4962
1808 4923
1809 4850
1811 4905
1812 4980
1813 4956
1814 5008
1816 4958
1817 5002
1818 5078
1819 5220
1820 5242
1821 5214
1822 5212
1824 5210
1825 5231
1826 5168
1827 5190
1828 5095
1830 5068
1831 5016
1832 5017
1834 4939
1835 5020
1837 5099
1838 5069
1839 5175
1841 5197
1842 5266
1843 5233
1845 5200
1846 5134
1847 5129
1849 5167
1851 5181
1852 5196
1854 5210
1855 5103
1857 5097
1859 5133
1860 5200
1862 5270
1863 5314
1864 5324
1866 5365
1867 5380
1868 5475
1870 5460
1871 5445
1873 5477
1874 5457
1876 5460
1877 5456
1878 5455
1880 5406
1881 5410
1882 5365
1883 5347
1885 5280
1886 5193
1888 5230
1889 5191
1890 5234
1892 5266
1893 5322
1894 5363
1896 5294
1897 5260
1899 5167
1900 5198
1902 5253
1903 5326
1905 5283
1906 5242
1907 5301
1909 5285
1910 5246
1912 5187
1913 5146
1915 5106
1916 5076
1917 4966
1918 4967
1920 5059
1921 5107
1923 5103
1925 5075
1926 5040
1928 4950
1929 4992
1931 5094
1932 5225
1934 5213
1935 5309
1937 5273
1938 5338
1939 5347
1941 5385
1942 5478
1943 5458
1944 5490
1946 5497
1947 5483
1948 5467
1949 5574
1951 5629
1952 5560
1953 5589
1955 5445
1956 5394
1958 5399
1959 5420
1960 5436
1962 5393
1963 5344
1965 5371
1966 5323
1967 5348
1968 5460
1970 5484
1971 5493
1972 5534
1973 5504
1975 5566
1976 5487
1977 5426
1978 5385
1979 5386
1981 5412
1982 5342
1984 5372
1985 5425
1986 5372
1987 5344
1989 5324
1990 5446
1991 5444
1993 5548
1994 5419
1995 5535
1996 5531
1997 5520
1998 5492
2000 5432
2001 5480
2002 5475
2003 5440
2004 5484
2005 5527
2006 5542
2007 5653
2009 5583
2010 5583
2011 5661


