2014/12/02_16:49:06 1680 244 37 12 h3 1680
2014/12/02_16:52:59 1880 262 39 4 h3 1880
2014/12/02_16:58:54 1980 263 38 6 h3 1980
2014/12/02_20:31:12 2080 265 37 3 h3 2080
2014/12/02_20:54:26 2180 279 37 2 h3 2180
2014/12/03_16:48:05 2280 274 38 2 h3 2280
2014/12/03_16:53:40 2460 299 41 5 h3 2460
2014/12/23_00:44:13 2640 297 41 4 h3 2640
2015/01/05_22:45:58 2820 301 41 3 h3 2820
2015/02/06_13:44:49 3000 322 44 4 h3 3000
2015/05/16_13:57:13 3180 330 43 2 h3 3180
2015/05/18_19:39:50 3360 332 44 4 h3 3360
2015/07/12_21:15:23 3600 357 45 0 h3 3600
2015/10/19_17:17:46 3840 363 46 1 h3 3840
2017/04/08_18:37:11 4080 376 48 0 h3 4080


2014/12/02_20:44:56 3400 441 41 7 h5 3400
2015/02/10_17:51:45 3640 459 44 11 h5 3640
2015/05/05_15:50:17 3880 462 44 12 h5 3880
2015/05/08_19:11:48 4360 493 45 12 h5 4360
2015/05/20_16:44:36 4420 504 45 7 h5 4420
2015/05/20_19:13:12 4600 491 45 8 h5 4600
2015/05/23_18:17:47 4840 529 48 8 h5 4840
2015/05/26_16:46:09 5320 557 48 7 h5 5320
2015/07/20_17:11:24 5700 568 50 10 h5 5700


2015/05/20_13:35:53 -200 536 42 35 h10 -200
2015/05/20_13:39:04 2280 624 46 39 h10 2280
2015/05/20_13:41:46 2669 632 46 23 h10 2669
2015/05/20_19:19:46 2780 634 47 25 h10 2780
2015/05/20_19:23:59 3540 678 48 16 h10 3540
2015/05/23_18:21:22 4300 702 49 30 h10 4300
2015/05/23_18:25:02 4680 711 50 29 h10 4680
2015/05/24_11:20:59 5820 784 50 7 h10 5820
2015/07/23_13:27:29 6200 808 53 12 h10 6200
2015/10/12_23:36:01 6720 822 53 19 h10 6720
2016/05/12_21:58:44 7200 826 51 7 h10 7200
2016/05/19_20:05:25 7220 824 54 17 h10 7220
2016/06/14_20:51:57 7480 839 52 9 h10 7480
2016/06/14_21:02:32 8200 911 56 7 h10 8200
2017/04/06_23:12:17 8220 880 57 11 h10 8220


