2014.75 h3 248 1923.71 257.993
2015 h3 223 2177.31 265.695
2015.25 h3 399 2370.08 317.047
2015.5 h3 175 2654.06 351.703
2015.75 h3 101 2785.74 346.997
2016 h3 5 2612 524.076
2016.25 h3 122 2659.34 338.308
2016.5 h3 6 2820 388.844
2016.75 h3 13 2681.54 350.6
2017 h3 48 2877.5 318.293
2017.25 h3 97 2902.89 425.807


2014.75 h5 3 3000 282.843
2015 h5 12 3075 316.03
2015.25 h5 144 3791.04 557.545
2015.5 h5 60 4360.67 511.09
2015.75 h5 19 4364.21 396.011
2016.25 h5 29 4464.14 464.68
2016.75 h5 4 5255 382.459
2017 h5 2 5270 430
2017.25 h5 1 4660 0


2015.25 h10 50 2989.78 1150.83
2015.5 h10 58 3807.93 871.305
2015.75 h10 12 4666.67 1089.51
2016 h10 1 3540 0
2016.25 h10 367 5071.99 950.267
2016.5 h10 84 5689.05 788.129
2016.75 h10 45 6352.44 1122.48
2017 h10 44 6500.45 1056.65
2017.25 h10 29 6560 1082.35


2016.25 s3 6 2750 620.081


2016.25 s5 3 3720 1704.19


2016.25 s10 27 3057.78 1254.58


