2016.00 -200
2016.00 2280
2016.00 2669
2016.00 2780
2016.00 3540
2016.00 3440
2016.00 3160
2016.00 1060
2016.00 2040
2016.00 1680
2016.00 420
2016.00 1800
2016.00 2040
2016.00 4300
2016.00 4680
2016.00 4060
2016.00 2540
2016.00 2540
2016.00 5820
2016.00 4300
2016.00 1280
2016.00 1800
2016.00 2920
2016.00 3540
2016.00 3160
2016.00 3820
2016.00 2940
2016.00 3300
2016.00 2280
2016.00 2040
2016.00 3160
2016.00 2040
2016.00 2540
2016.00 2280
2016.00 3540
2016.00 4300
2016.00 2280
2016.00 3160
2016.00 2780
2016.00 2660
2016.00 2780
2016.00 3160
2016.00 5060
2016.00 3540
2016.00 4300
2016.00 3920
2016.00 3820
2016.00 3160
2016.00 4300
2016.00 4680
2017.00 2660
2017.00 3300
2017.00 4300
2017.00 3160
2017.00 2800
2017.00 3460
2017.00 3540
2017.00 3540
2017.00 5060
2017.00 4300
2017.00 3540
2017.00 4300
2017.00 5060
2017.00 4680
2017.00 2660
2017.00 3920
2017.00 3160
2017.00 3160
2017.00 6200
2017.00 4680
2017.00 2920
2017.00 4560
2017.00 4820
2017.00 5060
2017.00 3920
2017.00 3540
2017.00 3920
2017.00 3920
2017.00 4300
2017.00 4440
2017.00 2780
2017.00 5440
2017.00 2660
2017.00 4300
2017.00 5060
2017.00 4300
2017.00 4680
2017.00 3420
2017.00 2660
2017.00 3320
2017.00 3300
2017.00 4300
2017.00 3920
2017.00 3920
2017.00 2920
2017.00 4560
2017.00 4180
2017.00 3540
2017.00 3920
2017.00 3180
2017.00 1180
2017.00 3920
2017.00 3800
2017.00 3420
2017.00 4300
2017.00 2040
2017.00 3420
2017.00 3540
2018.00 5820
2018.00 3940
2018.00 4680
2018.00 5480
2018.00 3440
2018.00 3540
2018.00 6720
2018.00 5340
2018.00 4460
2018.00 4820
2018.00 2660
2018.00 5100
2016.00 3540
2017.00 3160
2017.00 4680
2017.00 3820
2017.00 3420
2017.00 3920
2017.00 5060
2017.00 4840
2017.00 3420
2017.00 4680
2017.00 4300
2017.00 4680
2017.00 3920
2017.00 4060
2017.00 4340
2017.00 5440
2017.00 6200
2017.00 4700
2017.00 5100
2017.00 3920
2017.00 3160
2017.00 4680
2017.00 4680
2017.00 3180
2017.00 3940
2017.00 4680
2017.00 4440
2017.00 5440
2017.00 6200
2017.00 5340
2017.00 5060
2017.00 5440
2017.00 5060
2017.00 4820
2017.00 5440
2017.00 5440
2017.00 5720
2017.00 4180
2017.00 6200
2017.00 3180
2017.00 3160
2017.00 3820
2017.00 5340
2017.00 6200
2017.00 5340
2017.00 5820
2017.00 2800
2017.00 4300
2017.00 2420
2017.00 5980
2017.00 5440
2017.00 4680
2017.00 5100
2017.00 4560
2017.00 4300
2017.00 4300
2017.00 4560
2017.00 3800
2017.00 4440
2017.00 5060
2017.00 3800
2017.00 5100
2017.00 5440
2017.00 3840
2017.00 4080
2017.00 5440
2017.00 4820
2017.00 5820
2017.00 5440
2017.00 3920
2017.00 5200
2017.00 4180
2017.00 5440
2017.00 4180
2017.00 4820
2017.00 5820
2017.00 3800
2017.00 4680
2017.00 6200
2017.00 6200
2017.00 4820
2017.00 4560
2017.00 4560
2017.00 5100
2017.00 4680
2017.00 4580
2017.00 5440
2017.00 5440
2017.00 5440
2017.00 2780
2017.00 4700
2017.00 3920
2017.00 6200
2017.00 6700
2017.00 5440
2017.00 6200
2017.00 5820
2017.00 5820
2017.00 5200
2017.00 5060
2017.00 5060
2017.00 5440
2017.00 5060
2017.00 5440
2017.00 4940
2017.00 5060
2017.00 7200
2017.00 3420
2017.00 5100
2017.00 6200
2017.00 4680
2017.00 5440
2017.00 4680
2017.00 4300
2017.00 2660
2017.00 3540
2017.00 5060
2017.00 4300
2017.00 3420
2017.00 3800
2017.00 3420
2017.00 3420
2017.00 5060
2017.00 4220
2017.00 5820
2017.00 5060
2017.00 4680
2017.00 4560
2017.00 4300
2017.00 3920
2017.00 3920
2017.00 3040
2017.00 4680
2017.00 3540
2017.00 6460
2017.00 6460
2017.00 4320
2017.00 4080
2017.00 5060
2017.00 3700
2017.00 3920
2017.00 4220
2017.00 3920
2017.00 5060
2017.00 5960
2017.00 4180
2017.00 5820
2017.00 5320
2017.00 4560
2017.00 5700
2017.00 5440
2017.00 6480
2017.00 5060
2017.00 4940
2017.00 5060
2017.00 5100
2017.00 4680
2017.00 3800
2017.00 4940
2017.00 5060
2017.00 5220
2017.00 4300
2017.00 6480
2017.00 5820
2017.00 5820
2017.00 5060
2017.00 5060
2017.00 3540
2017.00 5440
2017.00 4680
2017.00 3920
2017.00 4820
2017.00 4680
2017.00 4460
2017.00 3920
2017.00 5820
2017.00 6200
2017.00 4680
2017.00 5820
2017.00 4300
2017.00 5700
2017.00 6200
2017.00 7220
2017.00 5440
2017.00 4680
2017.00 5060
2017.00 5060
2017.00 5440
2017.00 4180
2017.00 5480
2017.00 3680
2017.00 4680
2017.00 4300
2017.00 5060
2017.00 3800
2017.00 6200
2017.00 6200
2017.00 4560
2017.00 6700
2017.00 5440
2017.00 6200
2017.00 4680
2017.00 4680
2017.00 4180
2017.00 5100
2017.00 5820
2017.00 5440
2017.00 5440
2017.00 5440
2017.00 3540
2017.00 5100
2017.00 5720
2017.00 6200
2017.00 6200
2017.00 5820
2017.00 5340
2017.00 5820
2017.00 5440
2017.00 6700
2017.00 5060
2017.00 5060
2017.00 5820
2017.00 5060
2017.00 5440
2017.00 5340
2017.00 5440
2017.00 4680
2017.00 5440
2017.00 4720
2017.00 5060
2017.00 4300
2017.00 3920
2017.00 5820
2017.00 4680
2017.00 5960
2017.00 5820
2017.00 6200
2017.00 5980
2017.00 4300
2017.00 4820
2017.00 3920
2017.00 5820
2017.00 6200
2017.00 6460
2017.00 4680
2017.00 4680
2017.00 6200
2017.00 5060
2017.00 4680
2017.00 4300
2017.00 4560
2017.00 4560
2017.00 4680
2017.00 3420
2017.00 5060
2017.00 6480
2017.00 5820
2017.00 5060
2017.00 4680
2017.00 4560
2017.00 3700
2017.00 5720
2017.00 6700
2017.00 7200
2017.00 5060
2017.00 6700
2017.00 4680
2017.00 6200
2017.00 5340
2017.00 5820
2017.00 6700
2017.00 5060
2017.00 5820
2017.00 5440
2017.00 5060
2017.00 5060
2017.00 6960
2017.00 6200
2017.00 4300
2017.00 5820
2017.00 3180
2017.00 4580
2017.00 5440
2017.00 5720
2017.00 5720
2017.00 4820
2017.00 4680
2017.00 5820
2017.00 4680
2017.00 5820
2017.00 7200
2017.00 5960
2017.00 5720
2017.00 6200
2017.00 5060
2017.00 6480
2017.00 4300
2017.00 4560
2017.00 4820
2017.00 5440
2017.00 5820
2017.00 4320
2017.00 5820
2017.00 6200
2017.00 4560
2017.00 4940
2017.00 5060
2017.00 7200
2017.00 5320
2017.00 6980
2017.00 3420
2017.00 7220
2017.00 5440
2017.00 5340
2017.00 5060
2017.00 4560
2017.00 6200
2017.00 5440
2017.00 4960
2017.00 6200
2017.00 6200
2017.00 5720
2017.00 7200
2017.00 4460
2017.00 5480
2017.00 6700
2017.00 7480
2017.00 4300
2017.00 6200
2017.00 8200
2017.00 5080
2017.00 5340
2017.00 5720
2017.00 5440
2017.00 7200
2017.00 5060
2017.00 5060
2017.00 5100
2017.00 5440
2017.00 5820
2017.00 5820
2017.00 5440
2017.00 4580
2017.00 4680
2017.00 5820
2017.00 4680
2017.00 3920
2017.00 5440
2017.00 3540
2017.00 3920
2017.00 6720
2017.00 4940
2017.00 4340
2017.00 6700
2017.00 5060
2017.00 4720
2017.00 5060
2017.00 4560
2017.00 5440
2017.00 4680
2017.00 3300
2017.00 5440
2017.00 6980
2017.00 3060
2017.00 5820
2017.00 5820
2017.00 5440
2017.00 4940
2018.00 6700
2018.00 5340
2018.00 7200
2018.00 5980
2018.00 5200
2018.00 5060
2018.00 5720
2018.00 5060
2018.00 6720
2018.00 5820
2018.00 5820
2018.00 4560
2018.00 6200
2018.00 4680
2018.00 5960
2018.00 4680
2018.00 6200
2018.00 5060
2018.00 4300
2018.00 7200
2018.00 5060
2018.00 5440
2018.00 4840
2018.00 5440
2018.00 5720
2018.00 5060
2018.00 6700
2018.00 4680
2018.00 5440
2018.00 5060
2018.00 4820
2018.00 5820
2018.00 5060
2018.00 6200
2018.00 6200
2018.00 6700
2018.00 5440
2018.00 6980
2018.00 7200
2018.00 4820
2018.00 6200
2018.00 6200
2018.00 5440
2018.00 6200
2018.00 5960
2018.00 6960
2018.00 5400
2018.00 4680
2018.00 5580
2018.00 6200
2018.00 6700
2018.00 6200
2018.00 6700
2018.00 5820
2018.00 5100
2018.00 3920
2018.00 5060
2018.00 4940
2018.00 4300
2018.00 4680
2018.00 5440
2018.00 5820
2018.00 5340
2018.00 5440
2018.00 4220
2018.00 5820
2018.00 5580
2018.00 4820
2018.00 5440
2018.00 6720
2018.00 5580
2018.00 5340
2018.00 6980
2018.00 4820
2018.00 5960
2018.00 5440
2018.00 6200
2018.00 5820
2018.00 6700
2018.00 6700
2018.00 5440
2018.00 7200
2018.00 5980
2018.00 6700
2019.00 7200
2019.00 5820
2019.00 5440
2019.00 7200
2019.00 5060
2019.00 7700
2019.00 5480
2019.00 4440
2019.00 5820
2019.00 4060
2019.00 6460
2019.00 5700
2019.00 4680
2019.00 4940
2019.00 5340
2019.00 8200
2019.00 5820
2019.00 6200
2019.00 6700
2019.00 6720
2019.00 6700
2019.00 7700
2019.00 6980
2019.00 6960
2019.00 6200
2019.00 7700
2019.00 5820
2019.00 4940
2019.00 5720
2019.00 7700
2019.00 5960
2019.00 8200
2019.00 7700
2019.00 6460
2019.00 5820
2019.00 7200
2019.00 5440
2019.00 7700
2019.00 6700
2019.00 5720
2019.00 7720
2019.00 6480
2019.00 7220
2019.00 8200
2019.00 3940
2017.00 6200
2017.00 6200
2017.00 7700
2017.00 6220
2017.00 5820
2017.00 4820
2017.00 5100
2017.00 5820
2017.00 7200
2017.00 8200
2017.00 5580
2017.00 7700
2017.00 7460
2017.00 6480
2017.00 7480
2017.00 7200
2017.00 7700
2017.00 6720
