
20150520 -200 2280 2669 2780 3540 3440 3160
20150522 1060 2040 1680 420
20150523 1800 2040 4300 4680
20150524 4060 2540 2540 5820 4300 1280 1800 2920 3540 3160 3820 2940 3300 2280 2040 3160
20150525 2040 2540 2280 3540 4300 2280 3160 2780
20150526 2660 2780 3160 5060 3540 4300
20150528 3920 3820 3160 4300 4680
20150712 2660
20150713 3300
20150716 4300 3160
20150719 2800
20150720 3460 3540 3540
20150721 5060
20150722 4300 3540 4300 5060 4680 2660
20150723 3920 3160 3160 6200 4680 2920 4560
20150724 4820
20150726 5060
20150727 3920
20150728 3540 3920 3920 4300
20150801 4440 2780 5440 2660 4300
20150802 5060 4300 4680 3420
20150803 2660 3320 3300 4300 3920 3920 2920 4560 4180 3540 3920 3180
20150804 1180
20150806 3920
20150812 3800 3420 4300
20150814 2040
20150815 3420
20150928 3540
20151001 5820 3940
20151005 4680 5480
20151006 3440
20151010 3540
20151012 6720
20151016 5340 4460 4820
20151022 2660 5100
20160218 3540
20160409 3160 4680 3820 3420
20160410 3920 5060 4840 3420 4680
20160411 4300 4680 3920 4060
20160412 4340
20160413 5440 6200 4700 5100 3920 3160
20160414 4680 4680 3180
20160416 3940 4680 4440 5440 6200 5340 5060 5440 5060 4820 5440 5440 5720 4180 6200
20160420 3180 3160 3820 5340 6200 5340
20160421 5820
20160423 2800
20160424 4300
20160430 2420
20160501 5980
20160502 5440 4680 5100 4560 4300 4300 4560 3800 4440 5060 3800 5100
20160503 5440 3840 4080 5440 4820 5820 5440 3920 5200 4180 5440 4180 4820
20160507 5820 3800 4680
20160508 6200 6200 4820
20160509 4560 4560 5100
20160510 4680 4580 5440 5440 5440 2780
20160511 4700 3920 6200 6700 5440 6200 5820
20160512 5820 5200 5060 5060 5440 5060 5440 4940 5060 7200 3420
20160513 5100 6200 4680 5440 4680 4300 2660 3540 5060 4300 3420
20160514 3800 
